p0 0 5 1 0
p1 0 6 2 0
p2 0 1 1 0
p3 0 0 1 0
p5 0 2 3 0
p6 0 5 1 0
p7 0 6 2 0
p8 0 1 1 0
p9 0 0 1 0
p10 0 2 3 0
p11 0 5 1 0
p12 0 6 2 0
p13 0 1 1 0
p14 0 0 1 0
p15 0 2 3 0
p16 0 5 1 0
p17 0 6 2 0
p18 0 1 1 0
p19 0 0 1 0
p20 0 2 3 0
p21 0 5 1 0
p22 0 6 2 0
p23 0 1 1 0
p24 0 0 1 0
p25 0 2 3 0
p26 0 5 1 0
p27 0 6 2 0
p28 0 1 1 0
p29 0 0 1 0
p30 0 2 3 0
p31 0 5 1 0
p32 0 6 2 0
p33 0 1 1 0
p34 0 0 1 0
p35 0 2 3 0
p36 0 5 1 0
p37 0 6 2 0
p38 0 1 1 0
p39 0 0 1 0
p40 0 2 3 0
p41 0 5 1 0
p42 0 6 2 0
p43 0 1 1 0
p44 0 0 1 0
p45 0 2 3 0
p46 0 5 1 0
p47 0 6 2 0
p48 0 1 1 0
p49 0 0 1 0
p50 0 2 3 0
