P0 1 982 0
P1 2 28 8
P2 3 671 8
P3 4 1454 0
P4 5 10 1
P5 6 561 9
P6 7 430 1
P7 8 38 9
P8 9 207 4
P9 10 442 9
P10 11 1029 0
P11 12 869 1
P12 13 336 4
P13 14 716 4
P14 15 825 3
P15 16 747 5
P16 17 1471 0
P17 18 1172 4
P18 19 1290 6
P19 20 295 10
P20 21 550 2
P21 22 371 2
P22 23 1020 10
P23 24 893 10
P24 25 615 8
P25 26 1236 10
P26 27 221 7
P27 28 357 7
P28 29 1272 0
P29 30 255 5
P30 31 704 1
P31 32 901 2
P32 33 275 9
P33 34 518 6
P34 35 550 6
P35 36 567 7
P36 37 519 3
P37 38 1282 10
P38 39 1345 7
P39 40 117 2
P40 41 1211 4
P41 42 1306 10
P42 43 11 1
P43 44 42 10
P44 45 85 3
P45 46 730 2
P46 47 1297 0
P47 48 665 4
P48 49 1407 8
